65.30922985922058
28.247020514008614
71.3493587966204
29.299701215288778
2.247733962051257
54.9355184469681
41.102216806549094
27.22261996913291
81.0365014293103
3.54452871662565
17.896158051976997
53.19946704017365
63.95364450288133
1.4096700598002276
38.21517405488556
57.44504117856295
36.562129094452324
30.8038130242678
52.2248243017844
57.26933463804033
37.29984121647861
60.4363346401334
55.433257099573105
98.34420691473007
63.634826483656084
10.415299227970342
70.8182444120597
25.107062081984544
8.751687422756705
65.50197645307094
33.17359442212814
83.92857748942755
77.68885564167941
40.646676168769766
12.570908359298283
54.02501971853872
96.98118468229157
99.39413944785919
12.934764635536478
6.8859708516234575
